[system]
temp = 300
kT = 1.0
kU = 0.00198720414667
charge_coeff = 167101.0
npts = 8192
radius = 40.96
lam = 1

[params]
potential = "LJ"
closure = "KH"
IE = "XRISM"
solver = "MDIIS"
depth = 20
picard_damping = 0.1
mdiis_damping = 0.1
itermax = 10000
tol = 1e-7
diel = 78.497
adbcor = 1.5

[solvent]
nsv = 3
nspv = 1

[solute]
nsu = 1
nspu = 1

[solvent.water]
dens = 0.03334
ns = 3
O = [ [ 78.2526594071, 3.166, -0.8476,], [ 0.0, 0.0, 0.0,],]
H1 = [ [ 23.1635928747, 0.8, 0.4238,], [ 1.0, 0.0, 0.0,],]
H2 = [ [ 23.1635928747, 0.8, 0.4238,], [ -0.333314, 0.942816, 0.0,],]

[solute.one]
dens = 0.0
ns = 1
A1 = [ [ 75.4829300112, 3.5, 0.0,], [ 0.0, 0.0, 0.0,],]
