[system]
temp = 200
kT = 1.0
kU = 0.00198720414667
charge_coeff = 167101.0
npts = 8192
radius = 40.96
lam = 1

[params]
potential = "LJ"
closure = "HNC"
IE = "XRISM"
solver = "MDIIS"
depth = 20
picard_damping = 0.1
itermax = 10000
tol = 1e-12
mdiis_damping = 0.1

[solvent]
nsv = 1
nspv = 1

[solute]
nsu = 2
nspu = 1

[solvent.argon]
dens = 0.02
ns = 1
Ar = [ [ 115.8875283, 3.4, 0.0,], [ 0.0, 0.0, 0.0,],]

[solute.diargon]
dens = 0.0
ns = 2
Ar1 = [ [ 115.8875283, 3.4, 0.0,], [ 0.0, 0.0, 0.0,],]
Ar2 = [ [ 115.8875283, 3.4, 0.0,], [ 2.0, 0.0, 0.0,],]
