[system]
temp = 72.0
kT = 1.0
kU = 0.00198720414667
charge_coeff = 167101.0
npts = 8192
radius = 40.96
lam = 10

[params]
potential = "LJ"
closure = "HNC"
IE = "XRISM"
solver = "MDIIS"
depth = 20
picard_damping = 0.1
itermax = 10000
tol = 1e-7
diel = 1.538
adbcor = 0.1
mdiis_damping = 0.1

[solvent]
nsv = 2
nspv = 1

[solvent.N2]
dens = 0.01867
ns = 2
N1 = [ [ 44.0, 3.341, 0.2,], [ 0.0, 0.0, 0.0,],]
N2 = [ [ 44.0, 3.341, -0.2,], [ 1.1, 0.0, 0.0,],]
