
             ____  ___ ____  __  __ 
 _ __  _   _|  _ \|_ _/ ___||  \/  |
| '_ \| | | | |_) || |\___ \| |\/| |
| |_) | |_| |  _ < | | ___) | |  | |
| .__/ \__, |_| \_\___|____/|_|  |_|
|_|    |___/                        


14:53:40 INFO  [librism::drivers::rism] No solute data
14:53:40 INFO  [librism::drivers::rism] Starting solvent-solvent solver
[[0, -1, -1, -1, -1, -1, -1, -1, -1, -1, -1],
 [-1, 0, 0, 0, 0, 0, 0, 0, 0, 0, 0],
 [-1, 0, 0, 0, 0, 0, 0, 0, 0, 0, 0],
 [-1, 0, 0, 0, 0, 0, 0, 0, 0, 0, 0],
 [-1, 0, 0, 0, 0, 0, 0, 0, 0, 0, 0],
 [-1, 0, 0, 0, 0, 0, 0, 0, 0, 0, 0],
 [-1, 0, 0, 0, 0, 0, 0, 0, 0, 0, 0],
 [-1, 0, 0, 0, 0, 0, 0, 0, 0, 0, 0],
 [-1, 0, 0, 0, 0, 0, 0, 0, 0, 0, 0],
 [-1, 0, 0, 0, 0, 0, 0, 0, 0, 0, 0],
 [-1, 0, 0, 0, 0, 0, 0, 0, 0, 0, 0]]
14:53:41 INFO  [librism::solvers::adiis] Iteration: 0 Convergence RMSE: 1.000000E20
Current Depth: 1/10
1, 1, 3859.652069999076
[[+0.0000E0, -1.0000E0],
 [-1.0000E0, +3.8597E3]]
[-1.0000E0, +0.0000E0]
[-3.997151302391356, -3.9971524576601554, 10.826445527028682, -3.9971524576596664, -3.9971536129303047, ..., 0.055828991530477975, 0.05570919996337764, 0.05570920200266229, 0.055709199963383325, 0.055452758486899255]
14:53:41 INFO  [librism::solvers::adiis] Iteration: 1 Convergence RMSE: 6.471469E-1
Current Depth: 2/10
1, 1, 11579.617644664602
1, 2, 5685.091357805113
2, 1, 5685.091357805113
2, 2, 3859.652069999076
[[+0.0000E0, -1.0000E0, -1.0000E0],
 [-1.0000E0, +1.1580E4, +5.6851E3],
 [-1.0000E0, +5.6851E3, +3.8597E3]]
[-1.0000E0, +0.0000E0, +0.0000E0]
[-3.9612975294475437, -3.9612986724680326, 10.576764173513595, -3.9612986724675587, -3.961299815490049, ..., 0.060787335425614215, 0.060704431724306604, 0.06070443394347405, 0.060704431724313446, 0.06043463987010325]
14:53:41 INFO  [librism::solvers::adiis] Iteration: 2 Convergence RMSE: 1.232870E0
Current Depth: 3/10
1, 1, 24785.926119688538
1, 2, 16798.355754915065
1, 3, 8486.958201842997
2, 1, 16798.355754915065
2, 2, 11579.617644664602
2, 3, 5685.091357805113
3, 1, 8486.958201842997
3, 2, 5685.091357805113
3, 3, 3859.652069999076
[[+0.0000E0, -1.0000E0, -1.0000E0, -1.0000E0],
 [-1.0000E0, +2.4786E4, +1.6798E4, +8.4870E3],
 [-1.0000E0, +1.6798E4, +1.1580E4, +5.6851E3],
 [-1.0000E0, +8.4870E3, +5.6851E3, +3.8597E3]]
[-1.0000E0, +0.0000E0, +0.0000E0, +0.0000E0]
[-4.348678066434692, -4.348679171801176, 10.987247246031595, -4.348679171800504, -4.348680277168471, ..., 0.04669421660195175, 0.04648301038256561, 0.046483012105693, 0.046483010382567455, 0.04630811310232188]
14:53:41 INFO  [librism::solvers::adiis] Iteration: 3 Convergence RMSE: 1.653920E0
Current Depth: 4/10
1, 1, 36041.59428288336
1, 2, 29764.086102060493
1, 3, 20251.5773842394
1, 4, 9712.201484502324
2, 1, 29764.086102060493
2, 2, 24785.926119688538
2, 3, 16798.355754915065
2, 4, 8486.958201842997
3, 1, 20251.5773842394
3, 2, 16798.355754915065
3, 3, 11579.617644664602
3, 4, 5685.091357805113
4, 1, 9712.201484502324
4, 2, 8486.958201842997
4, 3, 5685.091357805113
4, 4, 3859.652069999076
[[+0.0000E0, -1.0000E0, -1.0000E0, -1.0000E0, -1.0000E0],
 [-1.0000E0, +3.6042E4, +2.9764E4, +2.0252E4, +9.7122E3],
 [-1.0000E0, +2.9764E4, +2.4786E4, +1.6798E4, +8.4870E3],
 [-1.0000E0, +2.0252E4, +1.6798E4, +1.1580E4, +5.6851E3],
 [-1.0000E0, +9.7122E3, +8.4870E3, +5.6851E3, +3.8597E3]]
[-1.0000E0, +0.0000E0, +0.0000E0, +0.0000E0, +0.0000E0]
[-4.672923494550938, -4.67292457423632, 11.347624178807159, -4.6729245742355054, -4.672925653922074, ..., 0.04173172800973162, 0.04148262178228418, 0.041482623304344685, 0.0414826217822843, 0.041239936047027845]
14:53:41 INFO  [librism::solvers::adiis] Iteration: 4 Convergence RMSE: 2.150386E0
Current Depth: 5/10
1, 1, 46593.625950542315
1, 2, 40727.47319486493
1, 3, 33691.62424714787
1, 4, 22616.105864992114
1, 5, 11029.686537709596
2, 1, 40727.47319486493
2, 2, 36041.59428288336
2, 3, 29764.086102060493
2, 4, 20251.5773842394
2, 5, 9712.201484502324
3, 1, 33691.62424714787
3, 2, 29764.086102060493
3, 3, 24785.926119688538
3, 4, 16798.355754915065
3, 5, 8486.958201842997
4, 1, 22616.105864992114
4, 2, 20251.5773842394
4, 3, 16798.355754915065
4, 4, 11579.617644664602
4, 5, 5685.091357805113
5, 1, 11029.686537709596
5, 2, 9712.201484502324
5, 3, 8486.958201842997
5, 4, 5685.091357805113
5, 5, 3859.652069999076
[[+0.0000E0, -1.0000E0, -1.0000E0, -1.0000E0, -1.0000E0, -1.0000E0],
 [-1.0000E0, +4.6594E4, +4.0727E4, +3.3692E4, +2.2616E4, +1.1030E4],
 [-1.0000E0, +4.0727E4, +3.6042E4, +2.9764E4, +2.0252E4, +9.7122E3],
 [-1.0000E0, +3.3692E4, +2.9764E4, +2.4786E4, +1.6798E4, +8.4870E3],
 [-1.0000E0, +2.2616E4, +2.0252E4, +1.6798E4, +1.1580E4, +5.6851E3],
 [-1.0000E0, +1.1030E4, +9.7122E3, +8.4870E3, +5.6851E3, +3.8597E3]]
[-1.0000E0, +0.0000E0, +0.0000E0, +0.0000E0, +0.0000E0, +0.0000E0]
[-4.458968052746923, -4.4589691857474145, 11.756253646073201, -4.4589691857465255, -4.458970318747615, ..., 0.038054477506991376, 0.03760276589516726, 0.037602767153532876, 0.03760276589516423, 0.03712874678016819]
14:53:41 INFO  [librism::solvers::adiis] Iteration: 5 Convergence RMSE: 2.501386E0
Current Depth: 6/10
1, 1, 59133.37391201934
1, 2, 52220.18500986119
1, 3, 46069.14417364817
1, 4, 37874.03051707791
1, 5, 25712.962476469584
1, 6, 12050.48952653139
2, 1, 52220.18500986119
2, 2, 46593.625950542315
2, 3, 40727.47319486493
2, 4, 33691.62424714787
2, 5, 22616.105864992114
2, 6, 11029.686537709596
3, 1, 46069.14417364817
3, 2, 40727.47319486493
3, 3, 36041.59428288336
3, 4, 29764.086102060493
3, 5, 20251.5773842394
3, 6, 9712.201484502324
4, 1, 37874.03051707791
4, 2, 33691.62424714787
4, 3, 29764.086102060493
4, 4, 24785.926119688538
4, 5, 16798.355754915065
4, 6, 8486.958201842997
5, 1, 25712.962476469584
5, 2, 22616.105864992114
5, 3, 20251.5773842394
5, 4, 16798.355754915065
5, 5, 11579.617644664602
5, 6, 5685.091357805113
6, 1, 12050.48952653139
6, 2, 11029.686537709596
6, 3, 9712.201484502324
6, 4, 8486.958201842997
6, 5, 5685.091357805113
6, 6, 3859.652069999076
[[+0.0000E0, -1.0000E0, -1.0000E0, -1.0000E0, -1.0000E0, -1.0000E0, -1.0000E0],
 [-1.0000E0, +5.9133E4, +5.2220E4, +4.6069E4, +3.7874E4, +2.5713E4, +1.2050E4],
 [-1.0000E0, +5.2220E4, +4.6594E4, +4.0727E4, +3.3692E4, +2.2616E4, +1.1030E4],
 [-1.0000E0, +4.6069E4, +4.0727E4, +3.6042E4, +2.9764E4, +2.0252E4, +9.7122E3],
 [-1.0000E0, +3.7874E4, +3.3692E4, +2.9764E4, +2.4786E4, +1.6798E4, +8.4870E3],
 [-1.0000E0, +2.5713E4, +2.2616E4, +2.0252E4, +1.6798E4, +1.1580E4, +5.6851E3],
 [-1.0000E0, +1.2050E4, +1.1030E4, +9.7122E3, +8.4870E3, +5.6851E3, +3.8597E3]]
[-1.0000E0, +0.0000E0, +0.0000E0, +0.0000E0, +0.0000E0, +0.0000E0, +0.0000E0]
[-5.674432571034358, -5.674433534149546, 11.652594875132456, -5.674433534148308, -5.674434497263039, ..., 0.02182143340708424, 0.021713879495716973, 0.021713880407105556, 0.02171387949571159, 0.021818799863689595]
14:53:41 INFO  [librism::solvers::adiis] Iteration: 6 Convergence RMSE: 2.889575E0
Current Depth: 7/10
1, 1, 72705.8313796784
1, 2, 64262.34765747499
1, 3, 57624.91794090574
1, 4, 49724.07817082248
1, 5, 40917.660174499106
1, 6, 27144.683451513276
1, 7, 12958.45599754562
2, 1, 64262.34765747499
2, 2, 59133.37391201934
2, 3, 52220.18500986119
2, 4, 46069.14417364817
2, 5, 37874.03051707791
2, 6, 25712.962476469584
2, 7, 12050.48952653139
3, 1, 57624.91794090574
3, 2, 52220.18500986119
3, 3, 46593.625950542315
3, 4, 40727.47319486493
3, 5, 33691.62424714787
3, 6, 22616.105864992114
3, 7, 11029.686537709596
4, 1, 49724.07817082248
4, 2, 46069.14417364817
4, 3, 40727.47319486493
4, 4, 36041.59428288336
4, 5, 29764.086102060493
4, 6, 20251.5773842394
4, 7, 9712.201484502324
5, 1, 40917.660174499106
5, 2, 37874.03051707791
5, 3, 33691.62424714787
5, 4, 29764.086102060493
5, 5, 24785.926119688538
5, 6, 16798.355754915065
5, 7, 8486.958201842997
6, 1, 27144.683451513276
6, 2, 25712.962476469584
6, 3, 22616.105864992114
6, 4, 20251.5773842394
6, 5, 16798.355754915065
6, 6, 11579.617644664602
6, 7, 5685.091357805113
7, 1, 12958.45599754562
7, 2, 12050.48952653139
7, 3, 11029.686537709596
7, 4, 9712.201484502324
7, 5, 8486.958201842997
7, 6, 5685.091357805113
7, 7, 3859.652069999076
[[+0.0000E0, -1.0000E0, -1.0000E0, -1.0000E0, -1.0000E0, -1.0000E0, -1.0000E0, -1.0000E0],
 [-1.0000E0, +7.2706E4, +6.4262E4, +5.7625E4, +4.9724E4, +4.0918E4, +2.7145E4, +1.2958E4],
 [-1.0000E0, +6.4262E4, +5.9133E4, +5.2220E4, +4.6069E4, +3.7874E4, +2.5713E4, +1.2050E4],
 [-1.0000E0, +5.7625E4, +5.2220E4, +4.6594E4, +4.0727E4, +3.3692E4, +2.2616E4, +1.1030E4],
 [-1.0000E0, +4.9724E4, +4.6069E4, +4.0727E4, +3.6042E4, +2.9764E4, +2.0252E4, +9.7122E3],
 [-1.0000E0, +4.0918E4, +3.7874E4, +3.3692E4, +2.9764E4, +2.4786E4, +1.6798E4, +8.4870E3],
 [-1.0000E0, +2.7145E4, +2.5713E4, +2.2616E4, +2.0252E4, +1.6798E4, +1.1580E4, +5.6851E3],
 [-1.0000E0, +1.2958E4, +1.2050E4, +1.1030E4, +9.7122E3, +8.4870E3, +5.6851E3, +3.8597E3]]
[-1.0000E0, +0.0000E0, +0.0000E0, +0.0000E0, +0.0000E0, +0.0000E0, +0.0000E0, +0.0000E0]
[-5.064758842358575, -5.064760125420384, 16.402533746218015, -5.064760125417796, -5.064761408477831, ..., 0.010387218614410772, 0.009691727195501272, 0.00969172716292781, 0.009691727195478204, 0.008705736170861018]
14:53:41 INFO  [librism::solvers::adiis] Iteration: 7 Convergence RMSE: 3.190149E0
Current Depth: 8/10
1, 1, 39232.49729633197
1, 2, 52459.3028243613
1, 3, 48092.87336917323
1, 4, 42474.822803967276
1, 5, 37387.525045077695
1, 6, 30700.34763477458
1, 7, 20765.94002460362
1, 8, 9722.56862151915
2, 1, 52459.3028243613
2, 2, 72705.8313796784
2, 3, 64262.34765747499
2, 4, 57624.91794090574
2, 5, 49724.07817082248
2, 6, 40917.660174499106
2, 7, 27144.683451513276
2, 8, 12958.45599754562
3, 1, 48092.87336917323
3, 2, 64262.34765747499
3, 3, 59133.37391201934
3, 4, 52220.18500986119
3, 5, 46069.14417364817
3, 6, 37874.03051707791
3, 7, 25712.962476469584
3, 8, 12050.48952653139
4, 1, 42474.822803967276
4, 2, 57624.91794090574
4, 3, 52220.18500986119
4, 4, 46593.625950542315
4, 5, 40727.47319486493
4, 6, 33691.62424714787
4, 7, 22616.105864992114
4, 8, 11029.686537709596
5, 1, 37387.525045077695
5, 2, 49724.07817082248
5, 3, 46069.14417364817
5, 4, 40727.47319486493
5, 5, 36041.59428288336
5, 6, 29764.086102060493
5, 7, 20251.5773842394
5, 8, 9712.201484502324
6, 1, 30700.34763477458
6, 2, 40917.660174499106
6, 3, 37874.03051707791
6, 4, 33691.62424714787
6, 5, 29764.086102060493
6, 6, 24785.926119688538
6, 7, 16798.355754915065
6, 8, 8486.958201842997
7, 1, 20765.94002460362
7, 2, 27144.683451513276
7, 3, 25712.962476469584
7, 4, 22616.105864992114
7, 5, 20251.5773842394
7, 6, 16798.355754915065
7, 7, 11579.617644664602
7, 8, 5685.091357805113
8, 1, 9722.56862151915
8, 2, 12958.45599754562
8, 3, 12050.48952653139
8, 4, 11029.686537709596
8, 5, 9712.201484502324
8, 6, 8486.958201842997
8, 7, 5685.091357805113
8, 8, 3859.652069999076
[[+0.0000E0, -1.0000E0, -1.0000E0, -1.0000E0, -1.0000E0, -1.0000E0, -1.0000E0, -1.0000E0, -1.0000E0],
 [-1.0000E0, +3.9232E4, +5.2459E4, +4.8093E4, +4.2475E4, +3.7388E4, +3.0700E4, +2.0766E4, +9.7226E3],
 [-1.0000E0, +5.2459E4, +7.2706E4, +6.4262E4, +5.7625E4, +4.9724E4, +4.0918E4, +2.7145E4, +1.2958E4],
 [-1.0000E0, +4.8093E4, +6.4262E4, +5.9133E4, +5.2220E4, +4.6069E4, +3.7874E4, +2.5713E4, +1.2050E4],
 [-1.0000E0, +4.2475E4, +5.7625E4, +5.2220E4, +4.6594E4, +4.0727E4, +3.3692E4, +2.2616E4, +1.1030E4],
 [-1.0000E0, +3.7388E4, +4.9724E4, +4.6069E4, +4.0727E4, +3.6042E4, +2.9764E4, +2.0252E4, +9.7122E3],
 [-1.0000E0, +3.0700E4, +4.0918E4, +3.7874E4, +3.3692E4, +2.9764E4, +2.4786E4, +1.6798E4, +8.4870E3],
 [-1.0000E0, +2.0766E4, +2.7145E4, +2.5713E4, +2.2616E4, +2.0252E4, +1.6798E4, +1.1580E4, +5.6851E3],
 [-1.0000E0, +9.7226E3, +1.2958E4, +1.2050E4, +1.1030E4, +9.7122E3, +8.4870E3, +5.6851E3, +3.8597E3]]
[-1.0000E0, +0.0000E0, +0.0000E0, +0.0000E0, +0.0000E0, +0.0000E0, +0.0000E0, +0.0000E0, +0.0000E0]
[-5.17469167747223, -5.174693083725688, 18.964228892704106, -5.1746930837225875, -5.17469448997344, ..., 0.00014449336366401328, -0.0006526146925831615, -0.0006526151445118747, -0.0006526146926135665, -0.0018096225749550678]
14:53:41 INFO  [librism::solvers::adiis] Iteration: 8 Convergence RMSE: 3.489179E0
Current Depth: 9/10
1, 1, 28540.89401549437
1, 2, 31809.333462857427
1, 3, 45129.83363387952
1, 4, 38871.25759721148
1, 5, 35166.09653498185
1, 6, 29923.372666167765
1, 7, 24587.102597087032
1, 8, 16080.731099156561
1, 9, 7648.599357862063
2, 1, 31809.333462857427
2, 2, 39232.49729633197
2, 3, 52459.3028243613
2, 4, 48092.87336917323
2, 5, 42474.822803967276
2, 6, 37387.525045077695
2, 7, 30700.34763477458
2, 8, 20765.94002460362
2, 9, 9722.56862151915
3, 1, 45129.83363387952
3, 2, 52459.3028243613
3, 3, 72705.8313796784
3, 4, 64262.34765747499
3, 5, 57624.91794090574
3, 6, 49724.07817082248
3, 7, 40917.660174499106
3, 8, 27144.683451513276
3, 9, 12958.45599754562
4, 1, 38871.25759721148
4, 2, 48092.87336917323
4, 3, 64262.34765747499
4, 4, 59133.37391201934
4, 5, 52220.18500986119
4, 6, 46069.14417364817
4, 7, 37874.03051707791
4, 8, 25712.962476469584
4, 9, 12050.48952653139
5, 1, 35166.09653498185
5, 2, 42474.822803967276
5, 3, 57624.91794090574
5, 4, 52220.18500986119
5, 5, 46593.625950542315
5, 6, 40727.47319486493
5, 7, 33691.62424714787
5, 8, 22616.105864992114
5, 9, 11029.686537709596
6, 1, 29923.372666167765
6, 2, 37387.525045077695
6, 3, 49724.07817082248
6, 4, 46069.14417364817
6, 5, 40727.47319486493
6, 6, 36041.59428288336
6, 7, 29764.086102060493
6, 8, 20251.5773842394
6, 9, 9712.201484502324
7, 1, 24587.102597087032
7, 2, 30700.34763477458
7, 3, 40917.660174499106
7, 4, 37874.03051707791
7, 5, 33691.62424714787
7, 6, 29764.086102060493
7, 7, 24785.926119688538
7, 8, 16798.355754915065
7, 9, 8486.958201842997
8, 1, 16080.731099156561
8, 2, 20765.94002460362
8, 3, 27144.683451513276
8, 4, 25712.962476469584
8, 5, 22616.105864992114
8, 6, 20251.5773842394
8, 7, 16798.355754915065
8, 8, 11579.617644664602
8, 9, 5685.091357805113
9, 1, 7648.599357862063
9, 2, 9722.56862151915
9, 3, 12958.45599754562
9, 4, 12050.48952653139
9, 5, 11029.686537709596
9, 6, 9712.201484502324
9, 7, 8486.958201842997
9, 8, 5685.091357805113
9, 9, 3859.652069999076
[[+0.0000E0, -1.0000E0, -1.0000E0, -1.0000E0, -1.0000E0, -1.0000E0, -1.0000E0, -1.0000E0, -1.0000E0, -1.0000E0],
 [-1.0000E0, +2.8541E4, +3.1809E4, +4.5130E4, +3.8871E4, +3.5166E4, +2.9923E4, +2.4587E4, +1.6081E4, +7.6486E3],
 [-1.0000E0, +3.1809E4, +3.9232E4, +5.2459E4, +4.8093E4, +4.2475E4, +3.7388E4, +3.0700E4, +2.0766E4, +9.7226E3],
 [-1.0000E0, +4.5130E4, +5.2459E4, +7.2706E4, +6.4262E4, +5.7625E4, +4.9724E4, +4.0918E4, +2.7145E4, +1.2958E4],
 [-1.0000E0, +3.8871E4, +4.8093E4, +6.4262E4, +5.9133E4, +5.2220E4, +4.6069E4, +3.7874E4, +2.5713E4, +1.2050E4],
 [-1.0000E0, +3.5166E4, +4.2475E4, +5.7625E4, +5.2220E4, +4.6594E4, +4.0727E4, +3.3692E4, +2.2616E4, +1.1030E4],
 [-1.0000E0, +2.9923E4, +3.7388E4, +4.9724E4, +4.6069E4, +4.0727E4, +3.6042E4, +2.9764E4, +2.0252E4, +9.7122E3],
 [-1.0000E0, +2.4587E4, +3.0700E4, +4.0918E4, +3.7874E4, +3.3692E4, +2.9764E4, +2.4786E4, +1.6798E4, +8.4870E3],
 [-1.0000E0, +1.6081E4, +2.0766E4, +2.7145E4, +2.5713E4, +2.2616E4, +2.0252E4, +1.6798E4, +1.1580E4, +5.6851E3],
 [-1.0000E0, +7.6486E3, +9.7226E3, +1.2958E4, +1.2050E4, +1.1030E4, +9.7122E3, +8.4870E3, +5.6851E3, +3.8597E3]]
[-1.0000E0, +0.0000E0, +0.0000E0, +0.0000E0, +0.0000E0, +0.0000E0, +0.0000E0, +0.0000E0, +0.0000E0, +0.0000E0]
[-2.9467089261021226, -2.9467110542666974, 26.643038396998854, -2.946711054262205, -2.9467131824237702, ..., 0.0016175487948628148, -0.0016833520700416317, -0.0016833541509169848, -0.0016833520700897863, -0.007199419823622478]
14:53:41 INFO  [librism::solvers::adiis] Iteration: 9 Convergence RMSE: 3.762534E0
Current Depth: 10/10
1, 1, 5010.538154594031
1, 2, 2881.763618204684
1, 3, 7301.2608364945145
1, 4, 6739.799434270272
1, 5, 9072.848150021071
1, 6, 6996.305303175581
1, 7, 7378.6006120237425
1, 8, 5970.685297277445
1, 9, 4706.377234518416
1, 10, 1890.853084058671
2, 1, 2881.763618204684
2, 2, 28540.89401549437
2, 3, 31809.333462857427
2, 4, 45129.83363387952
2, 5, 38871.25759721148
2, 6, 35166.09653498185
2, 7, 29923.372666167765
2, 8, 24587.102597087032
2, 9, 16080.731099156561
2, 10, 7648.599357862063
3, 1, 7301.2608364945145
3, 2, 31809.333462857427
3, 3, 39232.49729633197
3, 4, 52459.3028243613
3, 5, 48092.87336917323
3, 6, 42474.822803967276
3, 7, 37387.525045077695
3, 8, 30700.34763477458
3, 9, 20765.94002460362
3, 10, 9722.56862151915
4, 1, 6739.799434270272
4, 2, 45129.83363387952
4, 3, 52459.3028243613
4, 4, 72705.8313796784
4, 5, 64262.34765747499
4, 6, 57624.91794090574
4, 7, 49724.07817082248
4, 8, 40917.660174499106
4, 9, 27144.683451513276
4, 10, 12958.45599754562
5, 1, 9072.848150021071
5, 2, 38871.25759721148
5, 3, 48092.87336917323
5, 4, 64262.34765747499
5, 5, 59133.37391201934
5, 6, 52220.18500986119
5, 7, 46069.14417364817
5, 8, 37874.03051707791
5, 9, 25712.962476469584
5, 10, 12050.48952653139
6, 1, 6996.305303175581
6, 2, 35166.09653498185
6, 3, 42474.822803967276
6, 4, 57624.91794090574
6, 5, 52220.18500986119
6, 6, 46593.625950542315
6, 7, 40727.47319486493
6, 8, 33691.62424714787
6, 9, 22616.105864992114
6, 10, 11029.686537709596
7, 1, 7378.6006120237425
7, 2, 29923.372666167765
7, 3, 37387.525045077695
7, 4, 49724.07817082248
7, 5, 46069.14417364817
7, 6, 40727.47319486493
7, 7, 36041.59428288336
7, 8, 29764.086102060493
7, 9, 20251.5773842394
7, 10, 9712.201484502324
8, 1, 5970.685297277445
8, 2, 24587.102597087032
8, 3, 30700.34763477458
8, 4, 40917.660174499106
8, 5, 37874.03051707791
8, 6, 33691.62424714787
8, 7, 29764.086102060493
8, 8, 24785.926119688538
8, 9, 16798.355754915065
8, 10, 8486.958201842997
9, 1, 4706.377234518416
9, 2, 16080.731099156561
9, 3, 20765.94002460362
9, 4, 27144.683451513276
9, 5, 25712.962476469584
9, 6, 22616.105864992114
9, 7, 20251.5773842394
9, 8, 16798.355754915065
9, 9, 11579.617644664602
9, 10, 5685.091357805113
10, 1, 1890.853084058671
10, 2, 7648.599357862063
10, 3, 9722.56862151915
10, 4, 12958.45599754562
10, 5, 12050.48952653139
10, 6, 11029.686537709596
10, 7, 9712.201484502324
10, 8, 8486.958201842997
10, 9, 5685.091357805113
10, 10, 3859.652069999076
[[+0.0000E0, -1.0000E0, -1.0000E0, -1.0000E0, -1.0000E0, -1.0000E0, -1.0000E0, -1.0000E0, -1.0000E0, -1.0000E0, -1.0000E0],
 [-1.0000E0, +5.0105E3, +2.8818E3, +7.3013E3, +6.7398E3, +9.0728E3, +6.9963E3, +7.3786E3, +5.9707E3, +4.7064E3, +1.8909E3],
 [-1.0000E0, +2.8818E3, +2.8541E4, +3.1809E4, +4.5130E4, +3.8871E4, +3.5166E4, +2.9923E4, +2.4587E4, +1.6081E4, +7.6486E3],
 [-1.0000E0, +7.3013E3, +3.1809E4, +3.9232E4, +5.2459E4, +4.8093E4, +4.2475E4, +3.7388E4, +3.0700E4, +2.0766E4, +9.7226E3],
 [-1.0000E0, +6.7398E3, +4.5130E4, +5.2459E4, +7.2706E4, +6.4262E4, +5.7625E4, +4.9724E4, +4.0918E4, +2.7145E4, +1.2958E4],
 [-1.0000E0, +9.0728E3, +3.8871E4, +4.8093E4, +6.4262E4, +5.9133E4, +5.2220E4, +4.6069E4, +3.7874E4, +2.5713E4, +1.2050E4],
 [-1.0000E0, +6.9963E3, +3.5166E4, +4.2475E4, +5.7625E4, +5.2220E4, +4.6594E4, +4.0727E4, +3.3692E4, +2.2616E4, +1.1030E4],
 [-1.0000E0, +7.3786E3, +2.9923E4, +3.7388E4, +4.9724E4, +4.6069E4, +4.0727E4, +3.6042E4, +2.9764E4, +2.0252E4, +9.7122E3],
 [-1.0000E0, +5.9707E3, +2.4587E4, +3.0700E4, +4.0918E4, +3.7874E4, +3.3692E4, +2.9764E4, +2.4786E4, +1.6798E4, +8.4870E3],
 [-1.0000E0, +4.7064E3, +1.6081E4, +2.0766E4, +2.7145E4, +2.5713E4, +2.2616E4, +2.0252E4, +1.6798E4, +1.1580E4, +5.6851E3],
 [-1.0000E0, +1.8909E3, +7.6486E3, +9.7226E3, +1.2958E4, +1.2050E4, +1.1030E4, +9.7122E3, +8.4870E3, +5.6851E3, +3.8597E3]]
[-1.0000E0, +0.0000E0, +0.0000E0, +0.0000E0, +0.0000E0, +0.0000E0, +0.0000E0, +0.0000E0, +0.0000E0, +0.0000E0, +0.0000E0]
[-5.288881635085466, -5.288882990994257, 18.586005362449832, -5.288882990990969, -5.288884346897219, ..., -0.0008915128243706535, -0.0015219035401407757, -0.001521903914126114, -0.0015219035401722101, -0.0024316458156132485]
14:53:41 INFO  [librism::solvers::adiis] Iteration: 10 Convergence RMSE: 3.972962E0
Current Depth: 10/10
1, 1, 49242.59667334457
1, 2, 3304.6104864963586
1, 3, 37218.81098121538
1, 4, 40998.376944382355
1, 5, 58479.58319033507
1, 6, 50005.857700193454
1, 7, 45016.1288879907
1, 8, 38213.71642233165
1, 9, 31097.457097110037
1, 10, 20379.49269020692
2, 1, 3304.6104864963586
2, 2, 5010.538154594031
2, 3, 2881.763618204684
2, 4, 7301.2608364945145
2, 5, 6739.799434270272
2, 6, 9072.848150021071
2, 7, 6996.305303175581
2, 8, 7378.6006120237425
2, 9, 5970.685297277445
2, 10, 4706.377234518416
3, 1, 37218.81098121538
3, 2, 2881.763618204684
3, 3, 28540.89401549437
3, 4, 31809.333462857427
3, 5, 45129.83363387952
3, 6, 38871.25759721148
3, 7, 35166.09653498185
3, 8, 29923.372666167765
3, 9, 24587.102597087032
3, 10, 16080.731099156561
4, 1, 40998.376944382355
4, 2, 7301.2608364945145
4, 3, 31809.333462857427
4, 4, 39232.49729633197
4, 5, 52459.3028243613
4, 6, 48092.87336917323
4, 7, 42474.822803967276
4, 8, 37387.525045077695
4, 9, 30700.34763477458
4, 10, 20765.94002460362
5, 1, 58479.58319033507
5, 2, 6739.799434270272
5, 3, 45129.83363387952
5, 4, 52459.3028243613
5, 5, 72705.8313796784
5, 6, 64262.34765747499
5, 7, 57624.91794090574
5, 8, 49724.07817082248
5, 9, 40917.660174499106
5, 10, 27144.683451513276
6, 1, 50005.857700193454
6, 2, 9072.848150021071
6, 3, 38871.25759721148
6, 4, 48092.87336917323
6, 5, 64262.34765747499
6, 6, 59133.37391201934
6, 7, 52220.18500986119
6, 8, 46069.14417364817
6, 9, 37874.03051707791
6, 10, 25712.962476469584
7, 1, 45016.1288879907
7, 2, 6996.305303175581
7, 3, 35166.09653498185
7, 4, 42474.822803967276
7, 5, 57624.91794090574
7, 6, 52220.18500986119
7, 7, 46593.625950542315
7, 8, 40727.47319486493
7, 9, 33691.62424714787
7, 10, 22616.105864992114
8, 1, 38213.71642233165
8, 2, 7378.6006120237425
8, 3, 29923.372666167765
8, 4, 37387.525045077695
8, 5, 49724.07817082248
8, 6, 46069.14417364817
8, 7, 40727.47319486493
8, 8, 36041.59428288336
8, 9, 29764.086102060493
8, 10, 20251.5773842394
9, 1, 31097.457097110037
9, 2, 5970.685297277445
9, 3, 24587.102597087032
9, 4, 30700.34763477458
9, 5, 40917.660174499106
9, 6, 37874.03051707791
9, 7, 33691.62424714787
9, 8, 29764.086102060493
9, 9, 24785.926119688538
9, 10, 16798.355754915065
10, 1, 20379.49269020692
10, 2, 4706.377234518416
10, 3, 16080.731099156561
10, 4, 20765.94002460362
10, 5, 27144.683451513276
10, 6, 25712.962476469584
10, 7, 22616.105864992114
10, 8, 20251.5773842394
10, 9, 16798.355754915065
10, 10, 11579.617644664602
[[+0.0000E0, -1.0000E0, -1.0000E0, -1.0000E0, -1.0000E0, -1.0000E0, -1.0000E0, -1.0000E0, -1.0000E0, -1.0000E0, -1.0000E0],
 [-1.0000E0, +4.9243E4, +3.3046E3, +3.7219E4, +4.0998E4, +5.8480E4, +5.0006E4, +4.5016E4, +3.8214E4, +3.1097E4, +2.0379E4],
 [-1.0000E0, +3.3046E3, +5.0105E3, +2.8818E3, +7.3013E3, +6.7398E3, +9.0728E3, +6.9963E3, +7.3786E3, +5.9707E3, +4.7064E3],
 [-1.0000E0, +3.7219E4, +2.8818E3, +2.8541E4, +3.1809E4, +4.5130E4, +3.8871E4, +3.5166E4, +2.9923E4, +2.4587E4, +1.6081E4],
 [-1.0000E0, +4.0998E4, +7.3013E3, +3.1809E4, +3.9232E4, +5.2459E4, +4.8093E4, +4.2475E4, +3.7388E4, +3.0700E4, +2.0766E4],
 [-1.0000E0, +5.8480E4, +6.7398E3, +4.5130E4, +5.2459E4, +7.2706E4, +6.4262E4, +5.7625E4, +4.9724E4, +4.0918E4, +2.7145E4],
 [-1.0000E0, +5.0006E4, +9.0728E3, +3.8871E4, +4.8093E4, +6.4262E4, +5.9133E4, +5.2220E4, +4.6069E4, +3.7874E4, +2.5713E4],
 [-1.0000E0, +4.5016E4, +6.9963E3, +3.5166E4, +4.2475E4, +5.7625E4, +5.2220E4, +4.6594E4, +4.0727E4, +3.3692E4, +2.2616E4],
 [-1.0000E0, +3.8214E4, +7.3786E3, +2.9923E4, +3.7388E4, +4.9724E4, +4.6069E4, +4.0727E4, +3.6042E4, +2.9764E4, +2.0252E4],
 [-1.0000E0, +3.1097E4, +5.9707E3, +2.4587E4, +3.0700E4, +4.0918E4, +3.7874E4, +3.3692E4, +2.9764E4, +2.4786E4, +1.6798E4],
 [-1.0000E0, +2.0379E4, +4.7064E3, +1.6081E4, +2.0766E4, +2.7145E4, +2.5713E4, +2.2616E4, +2.0252E4, +1.6798E4, +1.1580E4]]
[-1.0000E0, +0.0000E0, +0.0000E0, +0.0000E0, +0.0000E0, +0.0000E0, +0.0000E0, +0.0000E0, +0.0000E0, +0.0000E0, +0.0000E0]
[-4.998451905602308, -4.998453348308655, 19.20269494735243, -4.998453348305459, -4.9984547910090535, ..., 0.00023845356760329034, -0.0006029491756864291, -0.0006029496939551418, -0.0006029491757174182, -0.0018797081703026478]
14:53:41 INFO  [librism::solvers::adiis] Iteration: 11 Convergence RMSE: 4.122399E0
