[system]
temp = 298.15
kT = 1.0
kU = 0.0019872158728366637
charge_coeff = 167101.0
npts = 8192
radius = 40.96
lam = 1

[params]
potential = "LJ"
closure = "HNC"
IE = "XRISM"
solver = "MDIIS"
depth = 20
picard_damping = 0.1
mdiis_damping = 0.1
itermax = 10000
tol = 1e-8
diel = 78.497
adbcor = 1.5

[solvent]
nsv = 3
nspv = 1

[solute]
nsu = 1
nspu = 1

[solvent.water]
dens = 0.03334
ns = 3
O_w = [ [ 78.2, 3.166, -0.8476,], [ 0.0, 0.0, 0.0,],]
H1_w = [ [ 23.1481, 0.4, 0.4238,], [ 0.9572, 0.0, 0.0,],]
H2_w = [ [ 23.1481, 0.4, 0.4238,], [ -0.239988, 0.926627, 0.0,],]

[solute.methane]
dens = 0.0
ns = 1
CH4 = [ [ 137.882152154, 3.73, 0.0,], [ 0.0, 0.0, 0.0,],]
