[system]
temp = 298.15
kT = 1.0
kU = 0.0019872158728366637
charge_coeff = 167101.0
npts = 8192
radius = 40.96
lam = 1

[params]
potential = "LJ"
closure = "HNC"
IE = "XRISM"
solver = "MDIIS"
depth = 20
picard_damping = 0.1
mdiis_damping = 0.1
itermax = 10000
tol = 1e-5
diel = 78.497
adbcor = 1.5

[solvent]
nsv = 3
nspv = 1

[solute]
nsu = 1
nspu = 1

[solvent.water]
dens = 0.03334
ns = 3
O = [ [ 78.15, 3.1657, -0.8476000010975563,], [ 0.0, 0.0, 0.0,],]
H1 = [ [ 7.815, 1.1657, 0.4238,], [ 1.0, 0.0, 0.0,],]
H2 = [ [ 7.815, 1.1657, 0.4238,], [ -0.333314, 0.942816, 0.0,],]

[solute.methane]
dens = 0.0
ns = 1
CH4 = [ [ 137.882152154, 3.73, 0.0,], [ 0.0, 0.0, 0.0,],]
